7906
8836
3383
9257
13561
18475
14154
27432
15784
4250
3030
8848
18048
13134
31732
287
13150
29126
414
28019
14877
21136
4908
19449
32593
12377
14182
4935
21430
26651
27934
31174
17455
4041
22199
7307
28553
8219
20648
19741
17126
9595
19361
30256
490
22151
17365
26613
3221
15435
29386
13868
13133
13530
23581
1532
26862
8509
18676
10526
6067
1622
31496
25697
7945
5716
9547
1771
24674
377
18006
14963
26050
11730
15381
15965
23897
12995
8247
1266
14179
25838
26783
8620
12567
4632
28701
15673
2036
15614
30138
17998
13262
12898
19416
27193
18652
2770
7295
528
10057
18126
5749
31985
23896
17616
23473
27633
21739
16996
19947
732
20418
73
15112
11741
2506
12053
18399
913
24547
13317
22977
6401
16383
5370
17823
21352
1335
1461
22553
21149
26715
25434
21175
10208
29628
25484
9287
18459
8531
21434
29410
759
13981
11668
23018
19778
14402
30795
